tasmax.tasmax
[[1418]]
[[2056]]
[[2240]]
[[1595]]
[[2017]]
[[3184]]
[[2525]]
[[3740]]
[[4211]]
[[3051]]
[[2430]]
[[2659]]
[[2412]]
[[1947]]
[[1495]]
[[1507]]
[[1616]]
[[1856]]
[[1262]]
[[1243]]
[[926]]
[[952]]
[[1101]]
[[-792]]
[[-961]]
[[934]]
[[1259]]
[[1057]]
[[448]]
[[970]]
[[2721]]
[[2231]]
[[2335]]
[[2717]]
[[2321]]
[[3041]]
[[2928]]
[[2605]]
[[2123]]
[[1672]]
[[1671]]
[[2331]]
[[3822]]
[[2765]]
[[2135]]
[[2529]]
[[2170]]
[[2685]]
[[2196]]
[[2807]]
[[3055]]
[[2866]]
[[2898]]
[[3092]]
[[3299]]
[[4123]]
[[3926]]
[[3430]]
[[3763]]
[[3953]]
[[2092]]
[[2301]]
[[2290]]
[[2110]]
[[2132]]
[[2562]]
[[2480]]
[[2439]]
[[2360]]
[[2351]]
[[2228]]
[[1902]]
[[665]]
[[1818]]
[[2094]]
[[2370]]
[[2392]]
[[2618]]
[[3044]]
[[3307]]
[[3297]]
[[2634]]
[[2033]]
[[2415]]
[[2617]]
[[2497]]
[[2550]]
[[2632]]
[[2829]]
[[3051]]
[[3029]]
[[4486]]
[[4323]]
[[4311]]
[[3171]]
[[4145]]
[[3491]]
[[3320]]
[[3015]]
[[3063]]
[[3576]]
[[2833]]
[[2448]]
[[2640]]
[[3542]]
[[3362]]
[[3077]]
[[4136]]
[[3743]]
[[3221]]
[[2788]]
[[2669]]
[[2506]]
[[2753]]
[[2801]]
[[4471]]
[[4296]]
[[5700]]
[[7079]]
[[7353]]
[[6361]]
[[6211]]
[[6682]]
[[6466]]
[[6885]]
[[6072]]
[[5288]]
[[3830]]
[[4654]]
[[4169]]
[[6380]]
[[6109]]
[[6377]]
[[5924]]
[[5431]]
[[4444]]
[[4231]]
[[3682]]
[[5663]]
[[6424]]
[[7400]]
[[7583]]
[[7438]]
[[8142]]
[[8199]]
[[7477]]
[[7760]]
[[7893]]
[[8873]]
[[7538]]
[[6499]]
[[6461]]
[[7278]]
[[6018]]
[[4919]]
[[5432]]
[[5931]]
[[7420]]
[[5763]]
[[7082]]
[[6269]]
[[7179]]
[[6692]]
[[7671]]
[[7619]]
[[6909]]
[[6238]]
[[6840]]
[[5888]]
[[6809]]
[[7257]]
[[6957]]
[[7461]]
[[8283]]
[[8543]]
[[8070]]
[[8251]]
[[7170]]
[[7297]]
[[7201]]
[[5686]]
[[7287]]
[[7909]]
[[7721]]
[[6291]]
[[5441]]
[[5477]]
[[5672]]
[[5678]]
[[8461]]
[[8722]]
[[8550]]
[[8488]]
[[9110]]
[[9274]]
[[8908]]
[[7627]]
[[9489]]
[[10136]]
[[9853]]
[[9276]]
[[9965]]
[[7526]]
[[7072]]
[[5525]]
[[5676]]
[[7265]]
[[7522]]
[[8053]]
[[9265]]
[[9260]]
[[9323]]
[[8106]]
[[7616]]
[[7420]]
[[6919]]
[[7909]]
[[8553]]
[[8451]]
[[7848]]
[[6203]]
[[6394]]
[[6164]]
[[7704]]
[[6801]]
[[7338]]
[[7647]]
[[7844]]
[[7107]]
[[7349]]
[[7598]]
[[8982]]
[[9627]]
[[9901]]
[[9882]]
[[8914]]
[[8513]]
[[8639]]
[[8299]]
[[7858]]
[[7547]]
[[7107]]
[[7669]]
[[7651]]
[[7671]]
[[7550]]
[[5817]]
[[5945]]
[[5892]]
[[6182]]
[[7318]]
[[7513]]
[[7544]]
[[7670]]
[[6493]]
[[6444]]
[[6565]]
[[7537]]
[[6345]]
[[6437]]
[[7678]]
[[7749]]
[[7764]]
[[7846]]
[[7846]]
[[7925]]
[[7752]]
[[7650]]
[[6331]]
[[5821]]
[[7345]]
[[7722]]
[[7604]]
[[5785]]
[[5863]]
[[5987]]
[[6637]]
[[7289]]
[[6045]]
[[5527]]
[[4225]]
[[4445]]
[[4593]]
[[4074]]
[[4491]]
[[2972]]
[[4103]]
[[4618]]
[[4522]]
[[3729]]
[[3546]]
[[4416]]
[[3234]]
[[3410]]
[[4412]]
[[3421]]
[[2930]]
[[3095]]
[[4149]]
[[4651]]
[[6533]]
[[4985]]
[[4818]]
[[4805]]
[[4559]]
[[4652]]
[[4281]]
[[3975]]
[[3454]]
[[2787]]
[[2339]]
[[4427]]
[[4471]]
[[2978]]
[[4180]]
[[1929]]
[[3689]]
[[2209]]
[[2626]]
[[4235]]
[[3957]]
[[2549]]
[[3968]]
[[1558]]
[[3951]]
[[4439]]
[[3843]]
[[3310]]
[[2764]]
[[1547]]
[[1885]]
[[2569]]
[[3364]]
[[4026]]
[[2279]]
[[2363]]
[[1834]]
[[1482]]
[[1233]]
[[1301]]
[[2247]]
[[1897]]
[[1371]]
[[1411]]
[[536]]
[[1131]]
[[1360]]
[[1469]]
[[1706]]
[[1928]]
[[2190]]
[[1852]]
[[2275]]
[[2367]]
[[1545]]
[[791]]
[[927]]
[[2128]]
[[1384]]
[[454]]
tasmax.time
[17640.5, 17641.5, 17642.5, 17643.5, 17644.5, 17645.5, 17646.5, 17647.5, 17648.5, 17649.5, 17650.5, 17651.5, 17652.5, 17653.5, 17654.5, 17655.5, 17656.5, 17657.5, 17658.5, 17659.5, 17660.5, 17661.5, 17662.5, 17663.5, 17664.5, 17665.5, 17666.5, 17667.5, 17668.5, 17669.5, 17670.5, 17671.5, 17672.5, 17673.5, 17674.5, 17675.5, 17676.5, 17677.5, 17678.5, 17679.5, 17680.5, 17681.5, 17682.5, 17683.5, 17684.5, 17685.5, 17686.5, 17687.5, 17688.5, 17689.5, 17690.5, 17691.5, 17692.5, 17693.5, 17694.5, 17695.5, 17696.5, 17697.5, 17698.5, 17699.5, 17700.5, 17701.5, 17702.5, 17703.5, 17704.5, 17705.5, 17706.5, 17707.5, 17708.5, 17709.5, 17710.5, 17711.5, 17712.5, 17713.5, 17714.5, 17715.5, 17716.5, 17717.5, 17718.5, 17719.5, 17720.5, 17721.5, 17722.5, 17723.5, 17724.5, 17725.5, 17726.5, 17727.5, 17728.5, 17729.5, 17730.5, 17731.5, 17732.5, 17733.5, 17734.5, 17735.5, 17736.5, 17737.5, 17738.5, 17739.5, 17740.5, 17741.5, 17742.5, 17743.5, 17744.5, 17745.5, 17746.5, 17747.5, 17748.5, 17749.5, 17750.5, 17751.5, 17752.5, 17753.5, 17754.5, 17755.5, 17756.5, 17757.5, 17758.5, 17759.5, 17760.5, 17761.5, 17762.5, 17763.5, 17764.5, 17765.5, 17766.5, 17767.5, 17768.5, 17769.5, 17770.5, 17771.5, 17772.5, 17773.5, 17774.5, 17775.5, 17776.5, 17777.5, 17778.5, 17779.5, 17780.5, 17781.5, 17782.5, 17783.5, 17784.5, 17785.5, 17786.5, 17787.5, 17788.5, 17789.5, 17790.5, 17791.5, 17792.5, 17793.5, 17794.5, 17795.5, 17796.5, 17797.5, 17798.5, 17799.5, 17800.5, 17801.5, 17802.5, 17803.5, 17804.5, 17805.5, 17806.5, 17807.5, 17808.5, 17809.5, 17810.5, 17811.5, 17812.5, 17813.5, 17814.5, 17815.5, 17816.5, 17817.5, 17818.5, 17819.5, 17820.5, 17821.5, 17822.5, 17823.5, 17824.5, 17825.5, 17826.5, 17827.5, 17828.5, 17829.5, 17830.5, 17831.5, 17832.5, 17833.5, 17834.5, 17835.5, 17836.5, 17837.5, 17838.5, 17839.5, 17840.5, 17841.5, 17842.5, 17843.5, 17844.5, 17845.5, 17846.5, 17847.5, 17848.5, 17849.5, 17850.5, 17851.5, 17852.5, 17853.5, 17854.5, 17855.5, 17856.5, 17857.5, 17858.5, 17859.5, 17860.5, 17861.5, 17862.5, 17863.5, 17864.5, 17865.5, 17866.5, 17867.5, 17868.5, 17869.5, 17870.5, 17871.5, 17872.5, 17873.5, 17874.5, 17875.5, 17876.5, 17877.5, 17878.5, 17879.5, 17880.5, 17881.5, 17882.5, 17883.5, 17884.5, 17885.5, 17886.5, 17887.5, 17888.5, 17889.5, 17890.5, 17891.5, 17892.5, 17893.5, 17894.5, 17895.5, 17896.5, 17897.5, 17898.5, 17899.5, 17900.5, 17901.5, 17902.5, 17903.5, 17904.5, 17905.5, 17906.5, 17907.5, 17908.5, 17909.5, 17910.5, 17911.5, 17912.5, 17913.5, 17914.5, 17915.5, 17916.5, 17917.5, 17918.5, 17919.5, 17920.5, 17921.5, 17922.5, 17923.5, 17924.5, 17925.5, 17926.5, 17927.5, 17928.5, 17929.5, 17930.5, 17931.5, 17932.5, 17933.5, 17934.5, 17935.5, 17936.5, 17937.5, 17938.5, 17939.5, 17940.5, 17941.5, 17942.5, 17943.5, 17944.5, 17945.5, 17946.5, 17947.5, 17948.5, 17949.5, 17950.5, 17951.5, 17952.5, 17953.5, 17954.5, 17955.5, 17956.5, 17957.5, 17958.5, 17959.5, 17960.5, 17961.5, 17962.5, 17963.5, 17964.5, 17965.5, 17966.5, 17967.5, 17968.5, 17969.5, 17970.5, 17971.5, 17972.5, 17973.5, 17974.5, 17975.5, 17976.5, 17977.5, 17978.5, 17979.5, 17980.5, 17981.5, 17982.5, 17983.5, 17984.5, 17985.5, 17986.5, 17987.5, 17988.5, 17989.5, 17990.5, 17991.5, 17992.5, 17993.5, 17994.5, 17995.5, 17996.5, 17997.5, 17998.5, 17999.5]
tasmax.lat
[49.124999675]
tasmax.lon
[-121.958334095]
